0.00136127467401223 -6.83476317823061e-07 -1.37211986707674e-06 7.02561866200582e-07 -2.16342338010651e-07
-9.53197486400299e-06 6.58703762338336e-06 2.42000663952044e-06 -6.04283463108935e-07 2.0214442467699e-07
-6.76728911259359e-06 6.03830755085583e-07 -8.72568628835897e-08 2.21750344140938e-06 1.0514603293102e-06
-3.21102832397338e-05 -7.88685357568093e-06 -2.55495673641049e-06 -1.99601934456719e-06 -4.62005252198027e-07
-7.8463926352325e-07 3.11624739733849e-06 9.02170019697389e-07 6.37066632506008e-07 -9.44485038780872e-09
2.19476873575507e-06 -2.20580510638233e-07 6.94761415598378e-07 4.80770865279717e-07 -1.34357837196401e-07
2.18469215148328e-05 -1.80674174262038e-06 -1.5275428560506e-06 -3.51212288219241e-07 2.73741237656351e-06
2.85579058479116e-06 1.57201369332361e-07 -2.80599072875081e-07 -4.91267304946072e-07 -2.11648188821805e-07
2.8172925559477e-06 3.02487362536122e-07 -1.64836481475431e-07 -2.11607615408593e-07 -6.47817762225366e-08
1.31809947620223e-07 -1.58289524114549e-07 -7.05580919885505e-08 5.56781440550867e-08 1.23403290710365e-08
-1.29252282695869e-05 -1.0724707203759e-05 -3.31109519638196e-06 2.13776673779736e-06 -1.49519398373391e-07
1.81685152305722e-06 -1.17362204417861e-06 -3.1920527713637e-08 4.09166457255416e-07 1.53286667406152e-07
1.63477723125362e-06 -2.68584775517243e-08 4.94662064805191e-09 -7.09027987928288e-08 4.44353430574937e-08
-2.13090618917978e-07 4.05836983493219e-08 2.94495876336549e-08 -1.75005469063176e-08 -3.03015988647002e-09
-2.16074435298006e-09 9.37631708987675e-09 -2.05996036369828e-08 6.97068002894092e-09 -8.90988987979604e-09
1.38047798906967e-05 2.05528261553901e-05 1.59072148872708e-05 7.34088731264443e-07 1.2822671038358e-06
7.08175753966264e-07 -9.27988276636505e-07 1.60535820026081e-07 -3.27296675122065e-07 -2.20518321170684e-07
1.90932483086199e-07 -7.44215272759193e-08 1.81330673333187e-08 4.37149649043616e-08 4.18884335594172e-08
-5.37009063880924e-08 2.22870057779431e-08 1.73740123037651e-08 -4.45137302235032e-09 9.44721910524571e-09
-6.83406949047909e-08 -1.95046676795923e-10 2.57535903049686e-09 4.8264316408302e-09 3.37657333705158e-09
3.96128688448981e-09 -6.63809403270686e-10 2.44781464212534e-10 5.92280853590699e-11 -4.78502591970721e-10
1.75859399041414e-05 -2.81238050668481e-06 -2.43670534594848e-06 3.58244562699714e-06 -1.76547446732691e-06
-1.06451311473304e-07 1.54336689617184e-06 -2.00690000442673e-07 1.3879004791188e-09 -1.62490619890017e-07
-2.72757421686155e-07 1.71139266205398e-07 -2.55080309401917e-08 -8.40793079489831e-09 -1.01129447760167e-08
2.92966025844079e-08 -2.07556718857313e-08 5.45985315647905e-09 8.7685769027415e-09 1.06785510440474e-08
-1.22059608941331e-08 6.52491630264276e-09 -1.79332492326928e-10 3.75921793745396e-10 -7.06416506254786e-10
1.63224355776652e-09 4.95586028736232e-10 -3.0787901175904e-10 -7.78354087544277e-11 1.4395904706725e-10
3.86319414653663e-10 -2.06467134617933e-10 4.37330971382694e-11 -5.00421056263711e-11 -9.40237773015723e-12
-1.23856142706451e-05 7.61047394008415e-06 -1.99104114578138e-07 6.86177748886858e-07 -1.09466747592827e-07
2.99866062403128e-07 1.8752556139739e-07 4.99374806994715e-08 4.86229763781404e-07 4.46570575517658e-07
-5.0574833236843e-07 1.95523624722285e-08 -9.17535435911345e-08 -2.56671607433547e-08 -7.11896201616653e-08
-2.66062200406494e-08 -5.40470019739274e-09 -2.29718660244954e-09 -3.73328592264404e-09 3.38748313712376e-09
5.30855327954894e-10 5.28851845648032e-10 -2.22278913745418e-10 -5.52628653064771e-11 -9.24825145219684e-10
6.03737227573716e-10 -3.52190673510919e-12 -1.30371720641414e-10 -9.12787239944822e-12 6.42187285537238e-12
1.78081862458539e-10 2.93772078656037e-12 -1.04698379945322e-11 -2.82260024833024e-11 -5.61810459067525e-12
9.3500309229958e-12 -8.23133834521577e-13 5.54878414224198e-13 -3.62943215777181e-13 2.38858933771653e-12
-1.31216096107331e-05 -5.70451670731759e-06 -5.11598683573971e-06 -4.99990779887599e-06 1.27389320221511e-07
-1.23108260369048e-06 5.53093245213587e-07 8.60093183929302e-07 2.65569700925696e-07 1.95485134805575e-07
-2.29647072638049e-07 -5.45266515081825e-08 2.85298129762263e-08 1.98167939680185e-08 5.52227340898335e-09
-2.73844745019857e-08 -4.48345173291362e-10 -1.93967347049382e-09 -1.41508853776629e-09 -1.75456962391145e-09
-2.68863184376108e-11 -2.20546981683293e-09 6.56116990576877e-10 1.27129855674922e-10 -2.32334506413213e-10
1.98303136881156e-10 6.04782006047075e-11 2.9129111543157e-11 6.18098615782757e-11 -3.82682292530379e-11
9.48294455071158e-12 -3.05873596453015e-13 5.31539408055057e-13 -7.310164386656e-12 -1.19921002209198e-11
-2.25188050845725e-11 -3.91627574966393e-13 -6.80217235976769e-13 5.91033607278405e-13 5.02991534452191e-13
1.29532063896247e-12 1.66337285851564e-13 3.25543028344555e-13 1.89143357962363e-13 3.32288378169726e-13
-2.45864358781728e-06 4.4946052489826e-06 1.03890496648813e-06 -2.73783420376785e-06 7.12695730642593e-07
-9.27805078535168e-07 -4.97733876686731e-07 9.1868029890651e-08 -2.4720061742398e-07 6.16163630140379e-08
-1.39623661883136e-08 -1.12580495666505e-07 2.61821435950379e-08 -2.31875562002885e-08 5.72679835033659e-08
-9.52538983318497e-09 -5.40909215302433e-09 1.88698793952475e-09 -4.08127746406372e-09 1.09534895853812e-10
3.79767457525741e-09 1.11549801373366e-10 -6.45504957274111e-10 3.05477141010356e-10 1.26261210565856e-10
5.088135779453e-11 1.43250547678637e-11 8.81616572082448e-12 2.58968878880804e-11 3.83421818249954e-11
8.95094368142044e-12 -3.26220304555971e-12 -1.28047847191896e-12 2.67562170258942e-12 2.7219503157667e-12
-6.47181697409757e-12 1.13776457455685e-12 2.84856274334969e-13 -7.63667272085395e-14 -1.34451657758826e-13
-1.25291265888343e-12 8.63500441050317e-14 -1.21307856635548e-13 5.12570529540511e-14 3.32389276976573e-14
3.73573418085813e-14 -5.37808783042784e-16 -4.2343040827085e-16 -4.75110565740493e-15 6.02553212780166e-15
8.95483987262751e-06 -3.90778212666235e-06 -1.12115019808259e-06 1.78678942093383e-06 1.46806344157962e-06
-4.59185232678613e-07 1.09497995905419e-07 1.31663977640045e-07 4.20525791073626e-08 -9.71470741607431e-08
1.63399802579572e-07 1.50909360648645e-08 -1.11480472593347e-08 -1.84000857674573e-08 7.82124614794256e-09
1.22887452385094e-08 -4.06647399822746e-10 -6.49120327585597e-10 8.63651225791194e-10 -2.73440085913102e-09
2.51748630889583e-09 4.79895880425564e-10 -2.44908073860844e-10 2.56735882664876e-10 -1.64815306286912e-10
4.85671381736718e-11 -2.51742732115131e-11 -2.60819437993179e-11 6.12728324086123e-12 2.16833310896138e-11
4.11389702320298e-12 -8.09433180989935e-13 -1.19812498226024e-12 1.4688573788852e-12 3.15807685137836e-12
-1.47614580597013e-12 4.6672641390932e-13 1.72089709006255e-13 1.13854935381418e-13 2.77741161317003e-13
-1.02257724967727e-13 1.10394382923502e-13 -3.14153505370805e-15 2.41103099110106e-14 2.13853053149771e-14
-3.19080885842786e-14 -9.53904307973447e-15 2.74542788156379e-15 2.33797859107844e-15 -2.53192474907304e-15
-5.87702222126367e-15 -1.80133850930249e-15 -3.09793125614454e-16 -1.04197538975295e-16 3.72781664701327e-16
1.86187054729085e-06 8.33098045333428e-06 3.18277735484232e-06 -7.68273797022231e-07 -1.52337222261696e-06
-5.07076646593648e-07 -8.61959553442156e-07 -3.51690005432816e-07 -4.20797082902431e-07 -3.07652993252673e-07
-7.38992472164147e-08 -8.3947308308028e-08 -2.51587083298935e-08 7.30691259725451e-09 -3.19457155958983e-08
-1.99777182012924e-09 -3.21265085916022e-09 -4.84477421865675e-10 -1.82924814205799e-09 -3.46664344655997e-10
-7.05788559634927e-11 1.21840735569025e-10 7.97347726425926e-11 1.08275679614409e-10 -1.17891254809785e-10
1.10299718947774e-11 -3.22958261390263e-11 -1.43535798209229e-11 6.87096504209595e-12 -6.64963212272352e-12
-6.47393639740084e-12 1.0315697832512e-12 -9.20099775082358e-14 -2.40150316641949e-13 1.14008812047857e-12
-1.2395784639725e-13 2.85996703969692e-13 1.91579874982553e-13 5.20597174693064e-14 -4.0674143488337e-14
-2.35479068911236e-14 1.97847338186993e-14 1.58935977518516e-15 -2.32217195254742e-15 -8.48611789490575e-15
1.03992320391626e-14 1.54017082092642e-15 1.05950035082788e-16 -1.17870898461353e-15 -1.10937420707372e-15
-1.0901194837452e-15 -6.04168007633584e-16 -9.10901998157436e-17 1.98379116989461e-16 -1.03715496658498e-16
-1.38171942108278e-16 -6.33037999097522e-17 -1.3877769501147e-17 1.94191397045401e-17 5.70055906754485e-18
1.92989406002085e-06 -3.82662130483128e-06 -4.60189561036048e-07 2.24290587856309e-06 1.4054437945155e-06
6.49033717633394e-08 2.41396114435326e-07 2.73948898223321e-07 1.10633664439332e-07 -3.19555270171075e-08
-2.91988966963297e-08 -6.03828192816571e-09 1.1846238644484e-08 1.32095545004128e-08 -5.06572721528914e-09
7.31079058474148e-09 -8.42775299751834e-10 1.10190810090667e-09 1.96592273424306e-09 -2.13135932785688e-09
7.06656405314388e-11 1.43441125783756e-10 1.46962246686924e-10 7.44592776425197e-11 -3.64331892799173e-11
-2.52393942119372e-11 1.07520964869263e-11 5.84669886072094e-12 6.52029744217103e-12 1.82947123132059e-12
-4.15669940115121e-12 -1.95963254053648e-13 2.16977822834301e-13 -2.84701408462031e-13 4.27194601040231e-13
3.07891105454129e-13 1.91523190672955e-13 1.05367297580989e-13 -5.28136363920236e-14 -3.53364110005917e-14
7.02156663274738e-15 9.52230536780849e-15 -3.41019408682733e-15 -3.59825303352899e-15 -2.6257641163615e-15
-1.75110277413804e-15 5.29265220719483e-16 4.45015980897919e-16 -3.80179856341347e-16 -4.32917763829695e-16
1.16038609651443e-16 -6.69643574373352e-17 2.65667154817303e-17 -9.76010333683956e-17 4.07312981076655e-17
5.72659246346386e-18 1.30357528108671e-18 2.49193258417535e-18 1.76247014075584e-18 7.59614374197688e-19
1.03352170833303e-17 -2.30633516638829e-18 2.84777940620193e-18 -7.72161347944693e-19 6.0702803450638e-19
