0.0571481238161787 3.35402081801137e-05 3.15988141788728e-05 -1.34477341887086e-05 -2.61831023577773e-07
5.77367395845715e-05 -0.000669057185209558 -6.51057691648904e-05 -1.61830149147091e-06 8.96771209464758e-05
-8.50773002452907e-05 -4.87106614880272e-05 4.03431160775277e-05 2.54090162741464e-06 -5.59109319864264e-06
0.00150536423187709 0.000611682258892697 0.000369730024614855 -1.95658439780282e-05 -3.462467265537e-05
-2.32168718433966e-05 -0.000127478686553809 -9.00292451740728e-05 -6.0783431590183e-05 -1.04628419422714e-05
-1.38607250922551e-06 -3.97271603842309e-06 -8.16155320152118e-07 5.73266706046665e-07 2.00366060212696e-07
6.52491559188663e-05 -0.00112224323460183 -0.000344967958304075 -7.672826409473e-05 0.000107907110551939
-0.000138870461448036 -7.29995695401936e-05 5.35986591445824e-05 9.0380486970389e-06 8.61370129482732e-06
-9.98524443968768e-07 -6.84966792665998e-08 1.47478021860771e-07 1.94857794008064e-06 7.1717685273291e-07
1.2706636791172e-06 1.12113289164288e-06 2.71525688515375e-07 -2.76125723009239e-07 -1.05429690305013e-07
-0.000377264999981652 0.000262691217024294 0.00018363978583759 3.93177048515576e-06 -6.66187081899168e-06
-4.93720951871921e-05 -0.000102820030405771 -5.69904376301748e-05 -3.79603438055116e-05 -3.9672601783493e-06
-2.21881958961135e-06 -1.40207117987894e-06 1.60956630798516e-07 2.06121145135022e-06 6.50944708093149e-07
2.21876332411271e-07 1.92272880430386e-07 -6.44016558013941e-09 -1.4095492133241e-07 -4.26742169137667e-07
-3.51738525149881e-08 2.89616194332516e-08 -3.40343352397886e-08 -2.89763392721812e-08 -6.40980581663785e-10
3.51240856823468e-05 -0.000725895015345786 -0.000322514037108045 -0.000106143759981636 4.08153152459337e-05
-2.36269716929413e-05 -4.20691836557932e-05 1.43926743222922e-05 2.61811210631784e-05 2.09610762194903e-05
-7.9176575667389e-07 1.64556789159745e-06 -9.43930166276555e-07 6.46641738736139e-07 -5.91509547299176e-07
3.92768838766879e-07 -1.9802773170369e-07 -5.41303590057253e-08 -4.21705797874207e-07 -6.06042329660681e-08
-1.56650141024305e-08 7.61808165752027e-08 -1.81900460250934e-08 1.30196216971675e-08 1.08616031342379e-08
-2.80964779829242e-08 -7.25951488826103e-09 -2.59789823306225e-09 -2.79271942407154e-09 4.10558774868586e-09
-0.000638227857648286 -0.000154814045363391 7.78518327501759e-05 -2.95961469342381e-05 1.15965225055757e-06
4.47833146915112e-06 1.33712284237555e-05 3.61048816552123e-06 -2.50717844073547e-06 -1.28100822021734e-05
-2.26958070007455e-06 2.57779960912242e-06 1.08395653197976e-06 1.29403393862805e-07 -1.04854652812567e-06
-3.98954043463392e-07 -2.26931182815454e-07 -1.09169545045028e-07 -1.49509536031939e-07 -3.98376793949903e-07
2.3041891107111e-08 1.23098508481555e-08 -1.71161401463708e-08 2.35829696577657e-09 1.3113616416204e-08
3.69423793101582e-09 3.49231027561927e-10 -1.18581468768647e-09 5.4318073582882e-10 5.43192337651588e-10
-1.38608847117992e-09 -1.86719145546559e-10 -8.13477384765498e-10 2.01919878240491e-10 1.00067892622287e-10
-4.35499078415956e-05 0.000450727967957804 0.00032897849426885 -3.05249478582848e-05 -3.2191483454431e-05
1.24887940973241e-05 1.34275239548403e-05 1.11275518344713e-06 7.46733554562851e-06 -2.12458664760353e-06
9.50250784948476e-07 2.34367372695203e-06 -5.4309924479898e-07 -4.35196904508734e-07 -8.31852234345897e-07
5.91775478636535e-09 -1.48970922508592e-07 2.9984006117384e-08 -1.30595933407792e-07 1.27136765045597e-07
-1.78491083554475e-08 1.76864919393085e-08 -1.96740493482011e-08 1.21096708004261e-08 2.95518703155064e-10
1.75053510088658e-09 -1.31414287871615e-09 -1.44689439791928e-09 1.1468248366846e-09 1.74488616540169e-09
1.08152964586251e-09 -3.85678162063266e-10 -2.77851016629979e-10 3.8989057862559e-11 -2.54627365853495e-10
-1.88340955578221e-10 5.19645384002867e-11 2.14131326027631e-11 1.24027770392728e-11 -9.42818962431967e-12
0.000359777729843898 -0.000111692619996219 -6.87103418744904e-05 0.000115128973879551 7.59796247722486e-05
5.23717968000879e-05 1.32279078116467e-05 -5.72277317139479e-07 -7.56326558610214e-06 -1.95749622214651e-05
1.00109213210139e-06 -2.75515216592735e-07 -1.13393194050846e-06 -4.75049734870663e-07 -3.21499480530932e-07
-2.0701371659889e-07 -7.31392258077707e-08 -3.9644571408416e-08 3.21390452929387e-08 -1.43738764991525e-08
2.03081434931767e-09 -1.35423687136122e-08 -4.47637454261816e-09 2.18409121726643e-09 -3.74845286805217e-09
3.17469255318367e-09 2.44221027314129e-10 -2.46820614760019e-10 7.55851003884434e-10 6.98980592550891e-10
9.89541493531067e-11 -2.78762878057315e-11 -2.10947962916771e-10 3.77882267360636e-11 -1.20009542671532e-12
5.0172057573094e-11 1.66470417102135e-11 -7.50624817938091e-12 9.97880221482238e-12 4.87141864438892e-12
2.53137945301589e-11 1.93030083090772e-12 -1.4470880423129e-12 -1.77837100743423e-12 -8.10068935490951e-13
0.000115735341520738 0.00011691059104835 8.36315620479475e-05 1.61095702669207e-05 -7.53084853489862e-05
-9.76879433427199e-06 9.16968438003335e-06 -8.7275512728883e-06 -1.30077933880053e-05 -9.7884193799332e-06
1.04902782517565e-07 2.14036988364936e-07 -7.19358686652888e-07 1.12529592946332e-07 7.07316352860448e-07
7.6317726528508e-08 1.2278197443429e-07 8.99971272969286e-08 5.6348223935299e-08 4.31054352285547e-08
3.29855763107355e-09 -6.95004336734441e-09 -6.52491370576354e-09 1.97749180391742e-09 3.51941791940498e-09
3.85373745846559e-10 1.65754130924183e-10 -3.31326088103057e-10 5.93256024580436e-10 1.27725220636915e-10
-1.08840956376565e-10 -4.56042860268189e-11 -4.77254322645633e-12 -2.94405398621875e-12 -3.07199979999475e-11
2.0738987909501e-11 1.51186798732451e-11 9.28139802941848e-12 5.92738269687687e-12 9.70337402306505e-13
-2.85879708060306e-12 1.92164314717053e-13 4.0266467896789e-14 5.18246319204277e-13 -7.91438726419423e-13
6.91890667590734e-13 -8.49442290988352e-14 -5.54404947212402e-15 9.7109337753879e-15 -5.33714333415971e-14
-5.06132972789792e-05 -4.28348772058883e-05 -6.90746551020305e-05 8.48380415176836e-05 7.04135614675053e-05
-1.27945598849788e-05 -1.92362865537803e-05 -2.30971771867138e-06 -8.98515975724166e-06 5.25675205004752e-06
-8.71907027470177e-07 -1.02091512861164e-06 -1.69548051683864e-07 4.87239045855761e-07 9.13163249899837e-07
-6.23651943425918e-08 6.98993315829649e-08 5.9159776673339e-08 4.36227124230661e-08 6.45321798431575e-08
-1.46315079552637e-10 -7.85142670184337e-09 1.48788168857903e-09 2.1687049991216e-09 -1.16723047065545e-09
3.31888494450352e-10 1.90931898336457e-10 -3.13671901557599e-11 2.60711798190524e-10 8.45240112207997e-11
1.36645682588537e-11 -5.68830303783976e-12 1.5751892384814e-11 -1.61935794656758e-11 -4.16568077748351e-12
9.44684950971905e-13 7.30313977131995e-12 3.14451447892684e-12 6.49029875639842e-13 -9.66911019905919e-13
-8.13097374090024e-13 5.23351897822186e-13 8.94349188113951e-14 -1.3332775967327e-13 -4.04549450989029e-13
-3.76176467005839e-14 -6.19953702289713e-14 -3.74537190139726e-14 1.71275486301958e-14 -3.81946773167132e-14
-4.8139338554416e-14 3.66084990006325e-15 3.10432030972253e-15 -4.10964475657416e-15 -6.586442442429e-15
-7.81077363746945e-05 -0.000254773632197303 -0.000214538508009518 -3.80780934346726e-05 1.8349535919399e-05
5.89140224113144e-06 -3.17312632433258e-06 -3.81872516710791e-06 -2.27592226861647e-06 1.57044619888023e-06
-1.4427250508869e-06 -1.10236588903758e-07 2.64336813084693e-07 4.7607416333246e-07 4.2862358769457e-07
3.98889120733904e-08 -1.29638005554027e-08 -4.13668481273828e-08 1.27686793719542e-09 -3.54202962042383e-08
1.6072683755175e-09 -2.70750776726156e-09 2.7938709268107e-09 -3.01419734793998e-10 -1.29101669438296e-10
-2.55708290234943e-10 2.27878015173471e-11 -6.43063443462716e-12 1.26531554846856e-10 -1.6582214743722e-10
-3.35886470557484e-11 -3.51895009091595e-12 5.80698399963198e-12 -2.84881487149207e-12 8.91708061745902e-12
-3.12788523950588e-12 3.35366912964637e-12 2.52236848033838e-12 -8.12801050709184e-13 -2.63510394773892e-13
6.83791881183142e-14 2.41583263270381e-13 8.58807794189356e-14 -5.12528492761045e-14 -1.40961725631276e-13
-1.28585349115321e-14 -2.11049721804969e-14 5.26409596614749e-15 -4.31736582588616e-15 -1.60991602619068e-14
-9.35623261461309e-15 -3.94384886372442e-16 5.04633016896942e-16 -5.40268998456055e-16 -1.07857944298104e-15
8.79756791888023e-16 4.5252993567533e-16 1.36886341163227e-16 -1.12984402980452e-16 6.30354561057224e-18
0.000117829256884757 2.67013591698442e-05 2.5791344677525e-05 -4.40766244878807e-05 -1.60651761172523e-06
-1.87058092029105e-05 1.34371169060024e-05 5.59131416451555e-06 4.50960364635647e-06 2.87612873904633e-06
2.79835536517287e-07 8.93092708148293e-07 8.37294601021795e-07 -1.99029785860896e-08 -8.87240405168977e-08
4.95854313394905e-08 -1.44694570735912e-08 2.51662229339375e-08 -3.87086600452258e-09 2.2974191907127e-08
4.71497840986162e-09 2.47509999454076e-09 1.67323845102824e-09 8.1419676828353e-10 -3.71467396944165e-10
-1.07340743907054e-10 -8.07691657949326e-11 -5.99381660248133e-11 2.33173929639378e-12 -2.26994195544563e-11
-3.83130441984224e-11 -5.82499946138714e-12 1.43286311435124e-11 3.15150503353387e-12 5.97891025146774e-12
-5.6438919107223e-13 9.57258316335954e-13 1.12055192185939e-12 -4.4241770677542e-13 -9.93190361616481e-13
1.78188860269677e-13 7.8258202490495e-14 5.18061650118009e-14 2.13456507353387e-14 -5.2620211377951e-14
-8.18481324740893e-15 -3.71256746886786e-15 4.23508855164371e-16 -2.91292502923102e-15 -1.1545420538935e-14
6.1657869169681e-15 6.74087154080877e-16 5.71628946437034e-16 -2.05251213979975e-16 -7.25999138903781e-16
9.35481959699383e-17 6.23535830498083e-17 3.1807672880206e-18 -2.92353209354587e-17 7.65216088665263e-19
2.34173078531701e-17 -8.30342420281772e-18 -4.33602329912952e-18 1.90226281379981e-18 -7.85507922718903e-19
