0.00271285863109945 -1.39197786008938e-06 1.34955672002719e-06 2.71686279717968e-07 1.56659301773925e-06
9.80476624811974e-06 -5.83922611260673e-05 -2.07307023860417e-05 1.14628726961148e-06 4.93610283608719e-06
-1.03443106534268e-05 -2.05536138785961e-06 2.09692641914244e-06 -1.55491034130965e-08 -1.89706404675801e-07
-3.00353961749658e-05 2.37284447073503e-05 2.02236885378918e-05 1.69276006349609e-06 8.72156681243892e-07
-7.99121077044035e-07 -5.39048313389504e-06 -4.21234502039861e-06 -2.70944149806894e-06 -6.80894455531746e-07
7.51439609883296e-07 3.8550970886552e-07 4.41508016098164e-08 -2.07507808307757e-08 4.95354985050743e-08
2.21790962160087e-05 -5.56986238775212e-05 -1.81287885563308e-05 -4.41076013532589e-06 4.93573223917278e-06
-4.47639989737328e-06 -2.6045289307212e-06 2.56376320011189e-06 4.41600992220479e-07 2.93437730332869e-07
8.14992682244945e-07 2.03945571424434e-07 1.11832498659806e-08 3.25756664234497e-08 3.01029040414968e-08
-7.96927680907488e-08 -3.66953150925865e-08 -6.74742632186619e-09 -1.30315731273651e-08 -2.00748924306947e-09
-2.16138375166934e-05 1.67350317962556e-05 1.93768260076821e-05 1.9959512016185e-06 -2.42463528222014e-06
5.34360283708044e-07 -3.641890220406e-06 -2.99935375194279e-06 -2.06880962903922e-06 -9.40815692626002e-07
6.80235884441822e-07 1.33023436079845e-07 -1.80349593705226e-08 2.51276252565192e-08 -1.43240592002794e-09
-7.13790897253802e-08 7.81998506267559e-09 1.13826909570178e-09 -5.89629600214654e-09 -4.20760865522804e-09
-5.80109372399116e-09 1.13702284491976e-09 7.29046067602764e-10 -9.10468988754012e-10 -2.58814364808642e-10
1.75558618192965e-05 -2.85579168876063e-05 -1.47442190284602e-05 -6.29300414335248e-06 -5.1220453891346e-07
-1.9078855829131e-06 -1.62144845155361e-06 7.57239241641566e-07 6.93365788711348e-07 6.88855644570695e-07
2.27050351488552e-07 1.0392579127766e-07 -3.31105076632079e-09 2.88065761026675e-08 -8.00256848229136e-09
-2.77028851807614e-08 -5.9625113220693e-09 2.95987495527251e-10 -5.87644249625625e-09 -3.28803981542337e-09
-1.89918479865558e-08 3.54083436578857e-09 8.10617835854935e-10 4.99207055948336e-10 -1.52691648387663e-10
1.04022499586096e-09 -2.36437143845013e-10 -2.25110813484842e-10 -7.39850069252329e-11 7.95929405440911e-11
-3.1157942126763e-05 -3.43576336877494e-06 5.81663608263384e-06 8.31534700351802e-07 4.02619520312154e-06
6.00037066879001e-07 -1.12538760056168e-07 -3.8674533211559e-07 -3.88218746020826e-07 -6.83764967176388e-07
-9.79583981249316e-08 9.14964449851003e-08 4.77779838549237e-09 2.44283811750703e-09 -6.26361079345158e-09
-2.37742207548109e-08 -5.53336301671633e-09 -3.73625445257115e-09 -1.92304189572886e-09 -7.18681390197449e-09
-6.58203463929583e-09 9.28456148541896e-10 2.47218904311077e-10 1.10664919110218e-10 -4.20390976974043e-11
9.45857603373426e-10 -3.29683402990254e-11 -8.15440375865127e-11 -1.21615589356628e-12 -9.70713008848085e-12
1.61377382316176e-10 6.84326027598147e-12 -4.66898885683671e-12 2.31211355085535e-12 2.39195112937346e-12
2.99634365075821e-07 8.14391615472128e-06 6.70458490942443e-06 -9.92542646762e-07 -3.0407806499275e-06
-6.52697933801393e-07 2.87255329776428e-07 -1.78227609772085e-08 2.65525429849935e-07 8.60650570551813e-08
-1.6272716401171e-07 1.09102479325892e-07 4.97827431850001e-09 7.86649963082937e-11 -6.67193813407656e-09
-2.9637000098776e-09 1.20008401576557e-09 1.75885448022883e-09 -1.74756709684384e-09 3.21963061454248e-09
-9.9110169777856e-10 7.54541713140752e-10 -2.95880967800875e-10 1.81009160501278e-10 8.31547411640954e-11
1.21268051949609e-10 -5.93572774509587e-11 -5.03295034994351e-11 3.05383430975252e-11 3.56280438509939e-11
6.92012970333794e-11 -9.02885345797597e-12 -3.4415183274488e-12 2.03164894681921e-12 -5.44852265137606e-12
5.567312636728e-12 3.57272150106101e-12 2.25885622368678e-12 -2.44508240047675e-13 -6.83314378535235e-13
3.96883487797254e-06 -4.57100506169608e-06 -3.30208117813256e-06 3.32599719134845e-06 4.26539325549339e-06
1.10123151770973e-06 4.58046760144882e-07 1.86831972581926e-07 -1.60092770735081e-07 -5.58956114867062e-07
-3.40344900506653e-08 2.87649741373047e-08 -1.83929753066251e-08 -9.74179203885847e-09 -2.42064137485043e-09
-6.49731596932566e-09 -3.07048108404447e-09 -2.84380614669848e-09 1.55123146524283e-09 4.53694984588346e-10
5.45175793803325e-10 -3.73287624700125e-10 -1.16293122618336e-10 7.2584561860269e-11 -4.34112440021627e-11
1.89481447552805e-10 3.67431482211078e-12 -1.72180065021194e-11 1.47046319023226e-11 1.31920481414062e-11
2.10125915737167e-12 -3.08420783495975e-12 -4.8774871236302e-12 1.1636359990249e-14 1.26698255558605e-13
-8.07894928696254e-12 9.19344620512607e-13 3.26929173307443e-13 2.00438149416495e-13 -9.57035765212079e-15
1.38737151773284e-12 1.0934017837142e-13 5.15714202449053e-14 -5.92156438588931e-14 -3.29586752336143e-14
6.38137197198254e-06 4.62426300749908e-06 4.42334454191034e-06 1.15374736092349e-06 -2.61859702227253e-06
-2.25320619636149e-07 3.21907705479353e-07 -3.34834530764823e-07 -4.8213275360181e-07 -3.22410936343355e-07
3.48894515496995e-09 3.49951261408458e-08 -6.01128959281142e-09 4.78213900943443e-09 1.46012816168576e-08
-9.66682871952083e-11 3.75806627535317e-09 2.38984004956705e-09 2.07545049877203e-09 1.58573595632766e-09
1.06834370693917e-09 -4.07975055112153e-10 -2.37598937943957e-10 5.89327007480137e-11 1.18891820437634e-10
5.22433722695807e-11 6.02011995016293e-12 -7.80605402956048e-12 1.50873145627341e-11 -1.40550093106311e-12
2.13396242187279e-13 -1.71939313965536e-12 -3.57625378660975e-14 -5.01675184988446e-14 -1.07805487368797e-12
-1.24352330043311e-12 8.26105883301606e-13 4.63606970128517e-13 6.39517888984486e-14 -7.35135439920086e-14
-5.39023859065631e-13 2.54188315588243e-14 1.30933833278664e-14 6.06153473304781e-15 -4.24722717533726e-14
3.12767756884813e-14 -2.29517847871632e-15 2.53117304424948e-16 7.07504914138118e-16 -1.20089065310688e-15
2.08311178819214e-06 -1.22179185044174e-06 -2.98842190131044e-06 3.07310218974299e-06 2.27100346036619e-06
-3.94601643855452e-07 -5.44014825116083e-07 -6.16955333162507e-08 -2.3195482158067e-07 1.1401081300531e-07
6.11067575043044e-08 -3.93240193194272e-08 -1.62979132528933e-08 1.01339204652581e-08 1.97319601566071e-08
2.57770508710055e-09 1.87799543582899e-09 1.95407654714372e-09 1.1527641928127e-09 2.2539700540212e-09
7.16926338026236e-10 -3.65857693313858e-10 -1.54864067050915e-11 6.50770211276549e-11 -7.85160007413546e-12
4.90007693914221e-12 3.3164939653634e-12 4.8166487116564e-13 7.26080745617085e-12 2.30960953372164e-12
9.75489202240545e-13 -1.68967954531421e-13 7.3838339133411e-13 -3.58435515913239e-13 -3.0156471002745e-13
-3.79533601922805e-13 2.76681830946617e-13 1.21480375553803e-13 -1.5772907764485e-14 -8.876649778187e-14
-3.96462845480288e-14 2.9415569093461e-14 6.78413205760717e-15 -4.12135802787361e-15 -1.46373307795619e-14
-8.64941937408121e-15 -1.91822620970386e-15 -8.01725413560744e-16 5.02941051180784e-16 -1.07572628474344e-15
-4.13816294742758e-15 -7.4360201978588e-17 -5.54248556346072e-17 -4.83999456005158e-17 -1.19622559730466e-16
-8.34852132750364e-07 -7.45794677612056e-06 -6.58132648865533e-06 -1.38608110346732e-06 5.32326534882584e-07
-2.7551380241415e-07 3.64713745106279e-08 -7.12385417940442e-08 -7.86206067228882e-08 2.28048393207161e-08
-4.26696415431918e-08 -4.65599668635087e-09 7.35037936327566e-09 1.17098354115804e-08 1.44594777658035e-08
1.12407689274199e-09 7.62142529563709e-10 -6.72563708415472e-10 -1.18094592485992e-10 -1.17043815733292e-09
1.76612225246125e-10 -1.01188552503192e-10 7.32546072616968e-11 1.7954282180161e-11 -2.23264859965402e-11
-9.35960722512375e-12 1.90894283812231e-12 -6.3479282452576e-13 3.98597963877826e-12 -4.47591409078971e-12
-3.34623858556099e-12 4.56384903915853e-14 2.72561108521416e-13 -3.57942733300468e-15 1.99794810657713e-13
-6.16775522568954e-14 8.25316968328823e-14 7.19845814260518e-14 -2.92415710855106e-14 -5.49570017444031e-15
-8.50728802453217e-15 8.38161600916267e-15 3.43651657459983e-15 -8.1942943411591e-16 -4.089057464611e-15
4.39042894275548e-15 -3.69440485320477e-16 1.22249256876779e-16 -2.09359444520984e-16 -3.34211740264257e-16
-5.36054548134225e-16 3.29794204041989e-17 2.13564354374585e-17 -1.37838993720865e-18 -1.29188342867753e-17
-3.26421841529845e-17 7.38235405234126e-18 2.4929165967621e-18 8.18252735459593e-19 1.7382495227923e-20
4.67237509268208e-06 1.93611283787239e-06 9.39035455627622e-07 -5.84565118072823e-07 -1.76198705802101e-07
-3.33739157421993e-07 4.12139555299163e-07 1.58754695700856e-07 1.37448753329669e-07 1.04722936936873e-07
6.64200603076386e-09 1.45412222625734e-08 1.8249879611803e-08 2.86633517581614e-09 1.060669845481e-09
5.25549696746655e-09 -1.33677183394083e-09 7.60804375937931e-11 -1.07918624219037e-10 8.09178898247941e-10
1.89318454110039e-10 9.23092164791765e-11 5.5143457313118e-11 3.8669639228924e-11 -1.15208165047149e-11
-1.02252706006226e-12 -7.25921015411136e-13 -1.9811012688762e-12 -2.18964868282672e-13 -7.18834476685625e-13
-2.69770025318548e-12 -2.17850340796321e-14 4.73040820865871e-13 1.57947421572149e-13 1.86925164972766e-13
1.07831718354771e-13 2.26681841611017e-14 2.56046087047783e-14 -1.14995851659554e-14 -2.27056907624485e-14
6.29825154734712e-15 8.04458225889001e-16 9.53173540411138e-16 1.16892301877735e-15 -1.04324684545047e-15
-5.57345639727027e-16 -2.93949227634932e-16 7.47621406284534e-18 -5.36416885470756e-17 -2.87213280230513e-16
1.73219775047208e-16 2.05017387523061e-17 9.08873886345587e-18 -2.86881547225742e-18 -1.25303645304992e-17
-7.30829109684568e-18 2.03711261415353e-18 7.62162636124024e-19 -7.54847922012517e-19 -8.8510509819503e-19
5.62039968280587e-18 -1.38144206573507e-19 1.68028711767211e-20 1.81223858251981e-19 -8.50245194985878e-20
