0.0395329695826997 -0.000131114380761895 -0.000116331009006233 6.23548420410646e-05 5.72641113425116e-05
-0.00044183764088065 0.000701288648654908 0.00033848980285827 3.76700309908602e-05 -8.70889013574699e-06
1.30418530496887e-05 -0.000185046547597376 4.31032103066723e-05 0.000105583334124319 3.23045436993589e-05
3.68918433448519e-05 -0.000219433014681503 3.46768613485e-06 -9.17185187163528e-05 -3.69243242456081e-05
-6.50227201116778e-06 2.07614874282187e-05 -5.09131314798362e-05 -3.08053225174359e-05 -4.18483655873918e-05
2.67879176459056e-05 -6.89303730743691e-05 2.11046783217168e-06 1.93163912538178e-05 -1.97877143887704e-06
0.000393937595007422 -0.000452948381236406 -0.000136517846073846 0.000138239247989489 0.000133175232977863
5.00214539435002e-05 3.57229726719727e-05 -9.38010547535432e-07 -3.52586798317563e-05 -7.01218677681254e-06
3.91965314099929e-05 1.02236686806489e-05 -1.95710695226022e-05 -5.93904795230695e-06 3.24339769876093e-06
6.68158778290653e-06 -8.10468752307024e-06 -9.91192994096109e-06 -1.89755520007723e-07 -3.26799467595579e-06
0.000314196817753895 -0.000296548447162009 -0.000218410153263575 -1.57318389871e-05 4.69789570185785e-05
0.000104597721123977 -3.31000119089319e-05 5.60326793626348e-05 4.71895007710715e-05 3.57432326236664e-05
8.95483021572039e-06 1.44019305383365e-05 4.87912790492931e-06 -3.45826387853503e-06 3.23960320438157e-06
-1.3524965100993e-05 -2.49349762695977e-06 -2.51509483521132e-06 -9.14254874104858e-07 -8.5789740610089e-07
-1.68143325235195e-06 1.72073417594235e-06 1.38765993969565e-06 4.0977098213753e-07 -6.60908742097123e-07
-0.000639889366487161 0.00120194042474696 0.000753258598887703 3.87356377414663e-05 1.31231811175345e-05
2.77062763606783e-05 -9.51425270178477e-06 -6.61068056107547e-06 -1.38713669012109e-05 9.84662092961671e-06
-2.69398078539471e-06 6.50860676783123e-06 3.8085592698809e-06 -1.98076068364785e-06 1.17187335666772e-06
-2.63719028151905e-06 5.03149473656743e-07 7.38964893399716e-07 -8.38892485369078e-07 1.30943917775613e-06
-1.56634992245479e-06 -2.97026487417045e-08 5.06602801102463e-08 -4.60436007958792e-08 -1.62536449440997e-07
-2.37493912770935e-07 1.69781593069938e-08 8.35178275224265e-08 -4.83564044549811e-08 -4.96448864199318e-08
0.00134012259587597 -0.000250989369253194 -2.97647945512547e-05 -6.47889968094926e-05 8.41302130716859e-05
-0.000113287184900929 4.78918993866293e-05 -3.14572113583139e-05 -2.10518256626847e-05 -2.03933633847417e-05
-4.97413321312139e-07 3.72599822034753e-06 -3.53221588399266e-06 -1.05232048036416e-06 -2.74821498198519e-06
4.81988542428155e-06 4.21400219782474e-07 1.02814808667637e-06 4.40299068486188e-09 3.37103399036634e-09
1.10140301678818e-08 1.90257670180182e-07 -1.00831353341885e-08 1.44860642389714e-08 -5.29882089987747e-08
6.12420414245775e-08 -4.48953461152996e-09 -1.38837603709003e-08 -2.05533675904779e-08 1.49517908802329e-09
9.17090243673643e-10 -9.24878857867367e-09 -2.30856560363943e-09 -4.36348789716735e-09 -4.45808881183025e-10
-0.000424912699609112 -0.000114365438471564 -0.000403200981827193 4.19949560550194e-05 -3.02068483713739e-05
3.85435472851225e-05 -5.70726887668306e-05 4.96313706308613e-07 1.02395703617082e-05 5.85550000567006e-06
-7.38204470183331e-06 -4.56638770109511e-06 -3.94007992121367e-06 -2.16666812189101e-06 -4.55694264113194e-06
5.89841165408527e-07 1.40862905173449e-08 1.08149086563211e-07 -2.18592601537944e-07 -3.78927431428119e-07
4.85164687450468e-08 8.34273921293655e-08 1.47489605513673e-08 6.01494125001291e-08 6.43812884159484e-09
1.13055580655363e-08 3.50568765400469e-09 -5.0939616250175e-09 -1.83362063152411e-09 -4.11227251553035e-09
3.16454132867156e-09 -1.39634794131087e-09 -7.34085003895929e-10 -7.55541371271796e-10 -1.57568747643705e-10
1.27572900992112e-09 -3.51625955080441e-10 -4.84132020565098e-10 1.52427274930711e-10 1.27466120431317e-10
-0.000481655666236529 -0.000245423313903835 -0.000239499902816719 -0.000157132947351028 5.54583099258017e-05
-1.52987254785589e-05 2.78383892116245e-05 4.3229912399186e-05 1.70981319744327e-05 -1.35090841769225e-06
-8.65400907717798e-06 -6.51882656990376e-06 -2.43810171017369e-07 8.54348785752623e-07 2.98371863248143e-07
-1.68155571776752e-06 -3.53602587563318e-07 -1.00404435881759e-07 -2.14162249012859e-08 -2.42131535531526e-07
-1.08048603277187e-08 -9.7885078576303e-08 -2.32906554437417e-08 2.22003630858805e-08 -2.27230368089683e-09
-5.98864391551041e-09 7.38970926486848e-09 3.61322835311957e-09 3.70037329172919e-09 -3.41121137081362e-09
-7.33113754909726e-10 -9.0837424933522e-11 -1.78204392133739e-10 8.28618491929026e-11 -1.32966817912373e-10
-5.23340481314676e-10 1.36403528233346e-10 -7.04478837151279e-11 -6.83175201536443e-12 -2.86040864071134e-12
3.75347503578356e-11 -1.08518134138781e-11 -2.53583751744508e-12 1.00168232812303e-11 1.74929602713312e-11
-0.00068680533637057 0.000591849814585706 0.000475117378328026 -2.59339398048415e-05 3.74825110514968e-05
3.35231363034093e-05 2.38331521146909e-05 7.43545963794093e-06 -3.41430817541849e-06 7.20180957675353e-06
3.60564374432978e-07 -3.13300039589662e-06 -6.3897474610802e-07 -8.63985524672024e-07 2.43367665208655e-06
-4.09605238516094e-07 -2.51158699554904e-07 -1.29359217235188e-07 -2.27744642483133e-07 7.04065989970205e-08
6.74886341820129e-08 -1.02009407061935e-08 -3.30790296448812e-08 1.64959795655031e-08 1.40641779998855e-08
1.31706886235108e-09 -1.06243701278671e-09 -2.85573799673944e-09 3.72566568681289e-09 2.48402582003925e-09
-3.68427463251097e-11 -1.90028122983781e-10 -3.98586561768697e-11 1.14458831693287e-11 -2.27722300377854e-12
-7.90029729611056e-11 3.81213646526419e-11 4.63303426711788e-11 1.52294835905903e-11 -2.99094751490726e-12
-2.36146602045017e-11 1.03852674709985e-11 -4.472421263071e-12 5.30884113537806e-12 1.68499023262969e-12
-3.30107358134527e-13 -4.73989085379655e-13 5.17199549822684e-13 2.34951744478255e-13 2.05931351608192e-13
0.00043021568751178 -0.000132831373000014 -3.41830835017045e-05 4.70312161436033e-06 -3.84807179340006e-05
1.66861163032403e-05 -8.1009290852355e-06 8.20658107437905e-06 6.12399025026683e-06 -1.85536495631911e-06
1.53552093641337e-06 2.19486495660361e-06 -1.07253805120137e-06 -4.72141767909137e-07 4.00744581573216e-07
2.56647305130757e-07 -8.07492046592274e-08 -2.05858469296168e-07 1.09784168930599e-07 -7.76823030181225e-08
1.77744008115031e-08 1.6413467781742e-08 4.8616304487902e-09 1.13334251800856e-08 -7.17260621115426e-09
1.61133063219326e-09 -1.85414677057024e-09 -2.13798537812651e-09 1.15255123229679e-09 2.24504700129464e-09
1.23344223096739e-10 -1.20385012169848e-10 -2.18038256346433e-12 3.23033120628279e-11 8.011795682134e-11
-6.55745274387847e-12 1.22127104697198e-11 5.83805016355883e-12 -8.31201582509817e-12 1.90985373872656e-12
-2.89199983667265e-12 5.05962500506667e-12 1.28092925110279e-12 5.60353813743813e-13 1.7675373196877e-12
-1.61678729774956e-13 -3.92206170988615e-13 -9.04941327579237e-14 1.89847694200763e-13 4.10008676756463e-14
-1.16808369005656e-13 -9.9746459143051e-14 7.46366550245722e-15 2.53398578153179e-14 1.06510689748906e-14
-0.00011371692138479 -0.000131902722651488 -0.000162844886485788 7.90171538739454e-06 -0.000178768066961413
-2.131465353665e-06 -3.57818705543597e-05 -1.50825855069298e-05 -2.17909259570022e-05 -8.19332236308581e-06
-2.88001138617357e-06 -2.09957465440793e-06 6.81466526687552e-08 3.58308906974448e-07 -4.18502067223724e-07
-1.10761444317605e-07 6.91773860777929e-08 8.17125372450372e-08 -2.16476237959181e-08 7.59221970502074e-08
-9.56994224818941e-09 6.64104921728432e-09 6.33077902928348e-09 2.85721181743727e-09 -6.39666681678123e-09
4.62558627839842e-10 -1.69014863754621e-09 -2.80260429599733e-10 4.27558937623863e-11 -1.66926133269027e-10
-7.23385132663753e-11 5.5196119354528e-11 3.04070791942335e-11 3.23227055919062e-12 8.47312431934829e-11
-1.61189613765486e-11 1.66868155925172e-11 1.05370341694715e-11 -4.41495859079592e-12 -2.2493905140175e-12
-8.72229568056267e-13 1.88613726203286e-12 1.2171113753439e-14 -1.13342372297867e-12 -6.87151975256052e-13
7.9931198854409e-15 4.46150979586709e-14 7.50406779454998e-14 -3.20385428942275e-14 -1.26543636054393e-14
4.80503817699514e-14 -3.35545623603729e-14 -1.18546423610485e-14 4.1941920998598e-15 -1.7352561443688e-14
-1.20464898830163e-15 -8.80752065000456e-16 -1.22214298993313e-15 1.69928513019657e-15 1.93593051311405e-16
1.68528879784841e-05 3.57144412031081e-05 -1.65999910125077e-05 5.40370336805755e-05 0.000118138122851376
-3.28151779115881e-05 1.04231790790798e-05 -2.8076186289064e-06 2.98996152515593e-06 -2.67641158709985e-06
-2.08664816151978e-06 -1.64463884697475e-06 6.79099429284834e-08 7.23955842946495e-07 -6.86378427465657e-07
-2.88205823027255e-09 2.38319699493291e-09 1.14169347509045e-07 8.12981074994402e-08 -1.56957943666988e-07
-7.09711403570189e-09 6.29470515502988e-09 3.50833306577579e-09 8.31289199649054e-09 -2.14221463168338e-09
-8.11910123910038e-10 3.34047829618955e-10 3.7061937744649e-10 3.30426088213373e-10 4.86297305597865e-11
1.98628160424161e-11 -4.98557831380098e-12 -5.90523187802174e-12 -1.27027116925122e-12 1.49982368570355e-11
2.62289263262748e-12 3.91242360693861e-12 6.56035499387192e-12 -1.17412941089401e-12 -9.40878197853394e-13
-3.37805010124487e-13 5.39454874299593e-13 -2.41569839991525e-13 -2.41572016820792e-13 -3.01983673057198e-13
-1.85034053857964e-13 4.31132161871815e-14 4.13497222026824e-15 -4.6007551459598e-14 -1.92454846400146e-14
2.96113888929854e-15 -1.11688534391626e-14 3.76275373238932e-15 -3.72593295948136e-15 1.98205490249604e-16
1.40074667864629e-15 -5.15564234798333e-16 3.56287382196512e-16 5.07242777691587e-16 -2.30405782826134e-17
2.96822530176851e-16 -4.77029898301223e-17 1.12782285532775e-16 1.58443229778573e-18 8.22141904662969e-17
