0 0 0 0 0
0 0 0 0 0
3.44092035729033e-05 -1.21876825440561e-05 -1.87490665238967e-05 -2.60980336247863e-05 4.31639313264615e-06
0 0 0 0 0
-2.60125613000133e-05 1.70570295762269e-05 3.08331896996832e-05 1.66256596588688e-05 -1.07841055501996e-05
8.74011641844073e-06 -2.25874169896607e-06 6.50985196673747e-07 1.30424765493752e-06 -1.85081244549542e-07
0 0 0 0 0
3.77496505484964e-05 -1.08198973553337e-05 -1.67717574544937e-05 -3.22476096673598e-05 1.12281888201134e-05
-7.68623378647958e-07 -4.01400837153063e-06 -2.16390246700835e-06 -1.76912959937924e-06 -1.12740084951955e-06
-2.37092815818895e-06 -9.52317223759653e-07 -2.22722065579131e-07 -6.2515761977253e-08 1.86582003894639e-08
0 0 0 0 0
-6.10254317785872e-05 -2.51815503068494e-05 2.01046207874667e-05 7.21107723367308e-06 -1.30692058660457e-05
-9.60655417241537e-06 -7.31381721742373e-06 -2.52767927589636e-06 9.09039973214621e-07 -6.76454911344246e-07
-2.25743206384908e-08 2.33058746737575e-07 2.24746779293445e-07 6.78551351968876e-08 1.25076011387284e-07
-2.25744112770133e-07 -1.44429560891636e-07 -2.96810417448652e-08 -5.93858519742856e-08 -2.4321022945542e-08
0 0 0 0 0
7.45721015256308e-06 -3.8139682167641e-05 -1.41086198468687e-05 -2.28514517574713e-05 7.28638705683277e-06
-5.77517778169692e-06 -3.93061211403839e-06 -2.17369763310752e-06 -1.48060935583664e-07 -2.74200485662814e-07
4.52962035878238e-07 9.80990375495214e-07 4.67492045269286e-07 -8.31032252212116e-09 1.6942602342774e-07
7.20536791795515e-10 2.75612253452141e-09 2.47772119382536e-09 4.30621825021233e-09 -2.86498479499428e-08
-2.46253956492716e-08 -3.10300833499669e-09 8.06559148724445e-09 2.98197408430123e-10 6.32503656532846e-09
0 0 0 0 0
-6.01147094179306e-05 -3.16631758509869e-05 4.1003811510001e-06 3.55215057231403e-07 -2.23606515237408e-06
-2.85937516921923e-06 -3.6777570661063e-06 -5.06445540401637e-07 8.21776759711184e-07 -5.98690271725558e-07
7.77122595418965e-07 3.60896376754085e-07 3.88610487893381e-07 -4.39533892679537e-08 -6.26882227849174e-08
1.05759993661891e-07 2.58009912408833e-08 -1.51356049060972e-08 -1.13335813107412e-09 5.3747085785037e-10
7.99831506181984e-09 1.67423735327465e-09 2.94736760548677e-09 -1.56727133704788e-09 8.46186800849124e-10
3.07727104043851e-09 3.93584215798484e-10 3.86721562770643e-11 1.72181091277391e-10 -2.16915737920145e-10
0 0 0 0 0
-1.16335389078126e-05 -1.39864676661484e-05 2.52546278407717e-06 -8.79152625440188e-06 -8.97665132187974e-06
-3.95874550504316e-06 -1.1797626252873e-07 7.031899263693e-07 3.38907065351535e-07 -3.67714052493558e-07
2.2908244937044e-07 5.72961531093329e-07 4.21969662578894e-08 1.24112958141431e-08 9.56404486571888e-08
1.44631865298671e-09 6.19368473895584e-09 1.67110424041236e-09 2.57979463602951e-09 -6.90806907510366e-09
1.77235802019153e-09 -8.1438884622897e-10 4.50421956523579e-09 5.67452314909707e-10 2.4761044367556e-09
4.85932343880617e-10 2.24864117422804e-10 -2.22534534468511e-10 -7.96395824973477e-11 3.12587399902493e-12
-3.20173937255409e-11 -1.29872402028088e-11 -4.24092901203818e-11 2.66570185704416e-11 -5.25164954403909e-12
0 0 0 0 0
-1.36010179191872e-05 1.77873053642413e-05 4.80988546657119e-06 3.46859608161212e-06 -1.73247520896541e-06
2.00020483116258e-06 2.43393064079673e-06 1.21478843695862e-06 1.95582820041644e-07 -3.11847995109088e-07
-8.1328721897931e-09 1.05206830238665e-08 6.54040136224164e-09 -1.9640266057599e-08 -1.40379796070732e-08
4.0129102031074e-08 2.92634301047947e-08 6.04179709273169e-09 8.61849065020545e-10 5.98065429697245e-09
-1.06149335032911e-09 -4.39748495862323e-10 8.83040310269353e-10 3.49392227277679e-10 8.57722299002622e-10
-1.2504988890939e-11 2.05203288281631e-10 1.37817670505319e-11 6.82057794430145e-11 -9.41515631694254e-11
7.4719602264413e-12 -2.51369898528782e-11 -2.121966878092e-11 1.55282119505201e-11 9.99224438231805e-12
-7.90534019004874e-13 3.55824506982589e-12 8.00835777767281e-13 8.73460019069655e-13 1.34176126600106e-12
0 0 0 0 0
3.12855262465316e-05 1.31629386003608e-05 2.65598119437581e-06 8.68923340949135e-06 -7.51164082949678e-06
1.56870792650533e-06 1.8922730168537e-06 4.15620385341985e-07 -2.74253787880603e-07 -4.288262101192e-07
-9.99176994565587e-08 -1.10785129426286e-07 -1.10318125091182e-07 6.22726507350764e-09 -3.3921456638625e-08
1.24872975018433e-08 1.10663206077249e-08 5.40658975901469e-09 -2.79119137105115e-09 -2.47500096192502e-09
1.1151891715406e-10 -4.21965763244849e-10 3.26786005211229e-10 1.93488254914545e-10 7.00774679999972e-10
1.50889220040757e-10 1.03130002661366e-10 -3.09481760816903e-11 -4.47656630703759e-11 -7.362450218038e-12
-1.91144562110285e-12 -1.11355583995978e-11 -1.76207323352556e-11 8.15289793192265e-12 3.45078925412654e-12
-2.73248710476019e-12 -1.65089342283056e-13 -2.20125355220819e-13 5.32589191504356e-13 5.70008982140874e-13
8.06636928368811e-13 1.30893069976672e-13 9.72079137767479e-14 3.87410156264322e-14 -5.56410013263563e-14
0 0 0 0 0
2.02454485403216e-05 -9.77720471118669e-06 -4.35467548126223e-06 2.19599868869063e-06 -3.2667081904369e-06
-3.2183925631054e-08 8.38760368015005e-07 -5.0805883572406e-07 4.16177282491396e-08 1.5384259276212e-07
-1.57377633165313e-07 -7.86803586842404e-08 -7.40444711426898e-08 3.15259864117954e-08 5.60536231567172e-09
-3.26080428920229e-10 -3.14576780695439e-09 8.46796096612981e-10 -2.59329379174262e-09 -8.01054756588382e-10
-4.58725236153576e-11 -6.87847958546571e-11 8.18226480126754e-12 1.81082075625897e-10 1.74510532938256e-10
7.60233505328792e-11 4.76463939581321e-11 -2.47198455442033e-11 -8.83439688929965e-12 5.93967446277316e-13
-8.92919292558887e-12 -4.38524572312029e-12 -4.02709146060896e-12 4.84344426425295e-12 5.1286904278152e-12
1.91518361809952e-12 3.06846255371817e-13 -2.44830265306345e-13 7.86297493099244e-14 2.7234780580198e-13
9.09936624159538e-14 7.20650818861447e-15 2.45383991578283e-14 -4.79580974186462e-15 3.64604724046944e-14
-4.63611142770709e-14 1.73908246420636e-15 -4.41651410674801e-15 -6.61409045306922e-16 -1.60016049099639e-15
0 0 0 0 0
6.17105245892845e-06 -1.04342983738457e-05 -1.72711741097994e-05 -8.16815967888426e-07 3.42789959967593e-06
-2.44014060833825e-07 2.06991837444652e-07 -3.85805819475679e-07 1.67162359832166e-08 4.15139610402483e-07
8.1819900680402e-08 -3.20013409049159e-08 5.94000906771151e-08 2.24122167188946e-08 -1.33796186160409e-08
7.66269294674338e-11 -6.07862178874828e-10 4.95795757186248e-10 -3.07589245481422e-10 3.44456287710689e-10
-1.84076250254929e-10 -1.30985312312781e-10 -1.52547325533276e-10 -2.51000125929512e-11 -1.93924012590455e-11
-2.93307452197665e-11 2.88627386757582e-11 5.58812021182217e-12 -1.68692874069187e-13 1.80464313900575e-12
-9.59053874473003e-13 6.04803122874761e-13 -9.80015608958536e-13 1.70530372034214e-12 1.70458664160775e-12
2.80169588226043e-13 9.09573148053551e-14 2.16449186617004e-14 1.15550091496353e-13 4.97772796761321e-14
-3.04524400761371e-14 3.42845631349694e-14 2.44230630602064e-14 5.76017546103056e-16 -9.74409465961093e-15
5.98765340844291e-15 -2.63942474859535e-15 -1.80204805804437e-15 -1.84981819321183e-16 -5.8507339216366e-16
-2.37069441910133e-15 2.87429226086856e-16 -1.67055963193389e-16 2.7211068491409e-18 8.46646962667892e-17
0 0 0 0 0
-2.71386164105722e-05 -1.41834938338454e-05 -2.00777928859929e-07 5.94329804681196e-07 8.61856994375586e-06
-3.93656495458664e-08 -6.36432821807576e-07 -2.47887475106438e-07 -2.64906446204966e-08 1.10689794197004e-07
5.25319489188562e-08 9.00866357158695e-09 5.00693379572512e-08 2.47269011056404e-08 -7.27648556194598e-09
1.87207107149043e-09 -1.46428282396138e-09 -2.71812237167257e-10 8.44902265891466e-10 -5.62683870906027e-10
-1.08295119666184e-10 4.75553388543793e-11 -5.49429386495686e-11 -6.60907871731611e-11 -5.97347322824822e-11
-4.95118306815571e-12 5.3108373523497e-13 -1.93679746327378e-12 -1.6177052184051e-12 1.2327672720251e-11
6.685826829099e-13 7.38288575160449e-13 5.47630483499201e-13 -1.00770258118914e-13 -1.65564928475981e-13
5.80963409268471e-14 6.93474288078737e-14 6.60728092794315e-15 -5.21029056725202e-15 -1.11283532854883e-16
-4.10567742688903e-15 1.62252646805882e-14 1.00774699865989e-14 -2.44793214897877e-16 -1.59283906414563e-15
1.84669506619904e-17 8.28473337813919e-17 -1.53400662078899e-16 -5.01060672199689e-17 -2.20727935766132e-16
2.65355116203636e-16 -3.70233146147684e-17 3.52689394451586e-18 -8.62215942516328e-18 9.26909361974526e-18
9.94266950643135e-17 4.17028699663441e-18 -7.65153491125819e-21 -5.62131270981041e-18 -3.03732817297438e-18
