0 0 0 0 0
0 0 0 0 0
-9.56715196386889e-06 -3.6804063302042e-08 1.27846786489883e-07 1.32525487755973e-06 1.53075361125066e-06
0 0 0 0 0
-7.17682617983607e-06 2.89994188119445e-06 -2.97763578173405e-07 8.95742089134942e-07 3.44416325304006e-07
-8.0266113228521e-07 3.66738692077244e-07 -3.0288096572328e-07 3.54144282036103e-07 -1.68873066391463e-07
0 0 0 0 0
-2.89640569283461e-06 -7.83566373343614e-07 -8.36667214682577e-07 -7.41891843549121e-07 -9.23922655636489e-08
-1.06144662284862e-06 1.57709930505924e-07 1.04203025714319e-07 1.20783300488461e-07 -1.38726055821134e-07
-4.16549018672265e-07 -1.35220897698872e-07 -6.40269964829901e-08 1.63258283210837e-08 -2.57958025095959e-08
0 0 0 0 0
3.52324885892419e-06 -2.26705543513814e-07 1.53835589488292e-06 -3.75263061267433e-07 3.69384057396017e-07
-2.06569149157664e-07 -9.36260183227175e-08 -3.55985284353048e-08 -9.13671163891094e-08 6.931562565626e-09
1.32437594740782e-07 4.44349887272663e-08 -3.38192451721674e-08 -3.97263855781102e-08 -1.930878229958e-09
-1.29595244818942e-07 -1.40852985547683e-08 1.4258759293976e-09 7.05779876554001e-09 -1.00996269264535e-08
0 0 0 0 0
4.06960756215938e-06 -1.97898540226986e-06 7.21905857553588e-08 -1.19908881538755e-06 -5.67561861536903e-08
6.53369660286999e-08 -2.42818687866392e-07 -1.66203004559493e-08 -2.41512414151897e-08 4.45426333411018e-08
1.44650670663281e-07 8.50666367433859e-09 -4.61165612004307e-09 4.88527987491045e-09 1.06277326713172e-08
1.86770937103513e-08 -6.4419794028893e-10 -7.60456736846174e-09 -9.97186468682689e-10 8.73229752697716e-10
-1.00206566229113e-08 1.33934372663121e-09 1.4169150343922e-09 8.72352590578753e-10 -8.04561626629829e-10
0 0 0 0 0
3.07161843116618e-06 1.8296208565647e-06 1.87728623016069e-07 7.10611617623261e-07 2.26499092250481e-07
4.50766403064905e-08 -1.67752393078256e-07 2.4784472363907e-08 -3.56484348424869e-09 -1.56634836636584e-08
3.7701165188109e-08 -7.23045828480496e-09 5.22995988863761e-09 -1.03740320341306e-09 4.57839777217789e-09
8.09495635883121e-09 -3.01977244420529e-10 -2.30104544933093e-09 3.63658580939428e-10 4.39320811714867e-10
9.37087629961269e-11 1.00780920426635e-09 1.2814053991335e-10 -6.65795285522138e-12 4.71732796198631e-11
-8.88504487069155e-11 -1.63253810435461e-10 7.22669710644299e-11 5.64715132584527e-11 -1.08949308197617e-12
0 0 0 0 0
-2.64054293284174e-07 -2.37611606117256e-06 -1.83671059706264e-06 -3.12199354841993e-07 -1.05598289276114e-07
7.41706968747147e-08 -1.64359098062646e-08 -3.09750224040234e-08 -9.68640079410317e-09 -7.90399057863403e-08
-1.00254376564271e-08 1.12528248631191e-08 -2.678415491741e-09 -2.69481819323647e-09 1.56550607475331e-09
-2.18568129350729e-09 6.2642205697745e-10 1.95007291427316e-09 3.14226463591125e-10 -3.62000388344482e-10
-9.30451291747549e-10 5.62175549482704e-11 1.01022849902012e-10 5.18675856498499e-11 5.37561696283235e-11
5.33151334468794e-11 1.07571307336725e-10 -1.31714567944652e-11 -4.17524405900018e-11 -2.16737797893502e-12
4.69916869001309e-11 -4.34516364859583e-12 -6.61054225868897e-12 -5.75845818545368e-12 -2.32180293529175e-12
0 0 0 0 0
-3.50305843086926e-06 1.76085131953403e-06 8.16661224478572e-07 4.09111042640801e-07 -9.85414469804995e-08
1.44670876127274e-07 -1.41331228923029e-08 -3.06530152369269e-08 -1.46732098927996e-08 -2.30660839364244e-08
-2.00043052422933e-08 1.72145861031776e-09 2.13714615094209e-09 1.02982676689194e-09 -1.64945224692217e-10
1.23552540016991e-09 1.42028470911613e-09 8.79622616627508e-10 -7.44465600265154e-10 -7.17124672589442e-11
-6.67749524914644e-10 -5.7772287493405e-11 3.40077806879472e-11 4.2617607654184e-11 8.23189659748212e-11
-4.62771648935992e-11 -7.24005305716782e-13 1.18233730497485e-12 5.18156973532267e-12 -1.53329687155297e-12
4.75581699468619e-12 -3.79782291469732e-12 1.33077109836853e-12 -1.0242602010712e-12 3.1038501924913e-13
1.66486090578792e-12 1.08573672403649e-12 1.26268044166279e-13 -1.23509297742757e-13 -1.81842007284038e-13
0 0 0 0 0
9.93870680202303e-08 -1.85264736035628e-06 -5.58942734710854e-07 -5.5418344831627e-07 -3.95581289689398e-08
7.88329069002365e-08 2.04810091451078e-08 3.74588851000076e-09 3.42429296613803e-08 -2.00840228416712e-08
-5.93700447329696e-10 -6.57499436973459e-10 -6.90560448220751e-09 3.56586371051089e-09 7.33310245621566e-11
-6.38101662363634e-11 4.23668020216529e-10 -2.43764895979202e-10 -9.31466610703172e-11 -3.17491457845975e-10
1.5094372538247e-11 -6.11641188685078e-11 -4.37018785685645e-11 -2.32871158949602e-11 4.19757251950526e-11
-1.18165328825853e-11 -9.91299557532438e-13 6.40908678055865e-14 2.41049422936434e-12 -8.20746054454953e-14
6.01892101914838e-12 -8.7848712287345e-13 -1.58887481332294e-12 -3.13556902469604e-13 5.14523727801645e-14
-1.50791729401891e-13 -1.45234807159695e-13 1.65302377570887e-13 -5.77094211651483e-15 9.22218953528393e-14
-1.85618902787381e-14 5.64333811864051e-14 -9.9431137794557e-15 -2.40992156199999e-15 -2.19196760659665e-14
0 0 0 0 0
-8.16252352075899e-08 1.61725487723444e-06 9.55522506715921e-07 4.02436267433511e-07 -2.80682052597712e-07
7.6868479032863e-09 -5.00940723761353e-09 -2.43640127974386e-08 -2.59119930503129e-08 3.35015169182094e-08
7.97903115186673e-09 3.73803883416618e-09 3.27888334636662e-09 1.37481300578804e-09 -1.10677168734482e-10
-1.67853012769912e-09 -1.61405252173139e-10 -1.98841576520056e-10 -1.46591506832192e-11 9.3571048780466e-11
4.08807084343221e-11 -3.74514169689568e-11 -3.0363849332391e-11 -5.02332555734577e-12 -8.03417498408344e-12
6.48922619024579e-12 1.96166891023817e-12 -1.96968755122868e-12 -5.20970156382361e-12 -1.62656885103402e-12
1.28603518902875e-12 -4.88146958435109e-13 -3.3703488699184e-13 1.37393696103e-14 4.41398325716943e-14
1.48670014793021e-13 4.41636026364555e-14 2.06210477976005e-14 -3.4371758358539e-14 -1.21693704024213e-14
-1.67624180330244e-14 6.59317111144238e-15 2.57238525440646e-15 -3.21568425020512e-17 5.29659568026553e-15
7.85453466393227e-16 6.91252183915939e-16 -1.20540764178454e-15 -3.85803892583301e-16 3.46606994632006e-16
0 0 0 0 0
2.86710087625579e-06 -1.68179842305865e-06 -8.4830677201687e-07 -7.08798062479598e-07 -1.27469453733635e-07
2.11824305734993e-09 2.02274279084379e-08 1.61862253091554e-08 3.25597167111807e-08 3.40868964045822e-09
1.21757111431438e-08 1.68405530472906e-09 1.55379338018638e-09 -3.81467795805531e-10 2.53316405545058e-09
-9.98413758659768e-11 5.38382145421318e-10 3.92629628330704e-10 -1.43067134097778e-10 3.74959329667113e-12
-1.57270407028909e-11 -9.02797202317592e-12 8.4599705988769e-12 4.71474382524218e-12 5.41880986596427e-12
-1.20658618702054e-12 7.12940685593433e-13 1.02148613026937e-12 1.63063852348169e-13 1.74048793197708e-13
3.80559390991789e-13 1.19678271353485e-13 9.72859455604188e-14 5.42642400031729e-14 8.18796710714586e-14
-4.69629218656902e-14 5.59889038686206e-15 2.05363292795059e-15 5.38599403288686e-15 -2.68929559474202e-15
-1.88759348081742e-14 5.20975954705924e-15 -4.43585653096395e-16 5.57436617793556e-16 -3.95922805817677e-16
-9.80871456373282e-16 2.50857658461759e-17 -1.24253000050963e-16 6.00857065211394e-17 3.537996353115e-18
2.49370713054872e-16 -1.49119714269816e-17 -3.12276052640583e-17 -2.42001662334001e-17 -1.69766504318143e-17
0 0 0 0 0
-1.69222102455713e-06 1.64277906173064e-06 5.28855114364096e-07 4.2815985326865e-07 -1.57362445882665e-07
1.67656782413678e-08 -3.77746114074055e-08 -2.21564555842165e-08 -3.37071806992217e-08 1.474540087398e-08
1.06080499491408e-08 3.21990403709678e-09 3.87301757435359e-09 2.92241827834347e-10 -1.86619473655742e-11
1.62399669665839e-10 3.51322865845172e-10 2.67086377702958e-11 -1.31596563625491e-10 3.14164569507034e-11
-2.02180016657259e-11 2.03305178342732e-11 6.34969032565839e-12 5.99522296668787e-12 -4.46275273451008e-12
-9.88409290158885e-13 -1.47692750858224e-13 3.1465555073053e-13 -2.41857189187879e-13 4.47727504501486e-13
1.71430777754854e-13 1.73950835042486e-13 5.92323956541558e-14 8.06625710171825e-15 2.33252485755634e-14
-1.74184545690134e-15 -8.18003353124179e-16 -6.62369006497819e-16 4.16303374396147e-15 7.06513748014024e-15
-6.02936238677014e-15 1.89241084885229e-15 1.9909788194427e-17 -6.9997429069664e-16 -2.69504942597709e-17
-4.65632962602379e-16 3.70281995445114e-18 -9.04232973763345e-17 2.20847370761932e-17 7.62909453726566e-17
-6.25921477907943e-17 -2.10532795609842e-17 -1.03808073867183e-17 1.15091380049019e-18 4.66794445408388e-19
9.39427013576903e-18 9.17044662931859e-19 2.04132745117549e-18 -1.72364063154625e-19 -1.18098896532163e-18
