0 0 0 0 0
0 0 0 0 0
-2.29210587053658e-06 -2.33805004374529e-06 -7.49312880102168e-07 -5.12022747852006e-07 5.88926055066172e-07
0 0 0 0 0
-4.6338275484369e-06 -2.23853015662938e-06 8.14830531656518e-07 1.15453269407116e-06 -4.53555450927571e-07
-6.92432096320778e-07 -2.98734455136141e-07 1.48085153955641e-08 1.37881746148773e-07 -6.92492118460215e-09
0 0 0 0 0
-1.9150797985031e-06 -1.83614825459598e-06 -7.46807436870647e-07 -1.28329122348007e-06 5.04937180063059e-07
-8.07527103916713e-07 2.8399784057457e-08 -6.01890498063025e-08 -2.48339507554546e-08 2.46284627824308e-08
-2.82995069303093e-07 1.38818274596408e-09 3.22731214161408e-09 2.87731153972404e-10 1.53895537278496e-08
0 0 0 0 0
-6.682102709568e-07 -2.19104833297845e-06 1.30116691657253e-07 4.7844573043345e-07 -4.40344300914051e-07
-2.36946755740436e-07 -1.32730991878204e-07 1.8366959369386e-08 7.90218931983569e-08 -4.70161979232584e-08
1.07746083292179e-07 -4.1708863776033e-09 -1.83296035841109e-09 -5.80243971371211e-09 -2.11682361167439e-09
-5.44712355496109e-08 1.89717032256923e-09 2.27327316287804e-10 7.78400728280038e-10 8.82380487618991e-12
0 0 0 0 0
-5.61707049615673e-08 -1.09066447089585e-06 -2.25742250174119e-07 -8.64367795924377e-07 1.0641127524068e-08
2.41782935157918e-08 -3.65762298303819e-08 -6.93420659586875e-08 -3.97316214341991e-08 -2.0876781648639e-08
6.38293030383436e-08 1.1137793633447e-08 6.91424941454782e-09 1.39887159955004e-09 5.25428749022906e-09
1.09291268489958e-08 1.23935926756516e-10 3.92917259954515e-10 -1.79144682483562e-10 -9.11802874917597e-10
-4.40957607823325e-09 1.45751390560667e-10 1.24641258165301e-10 -6.45810339804674e-11 -8.92894658893326e-12
0 0 0 0 0
1.54754294162102e-08 -1.60154742388847e-06 -4.08425188394881e-07 6.18170290113531e-09 -2.58919765162122e-07
1.37130642286873e-08 -6.67813955828458e-08 -7.01410996605609e-09 3.82732572660461e-08 -2.73381870915135e-08
2.19113155379218e-08 4.11027496396868e-09 6.33816020485226e-09 -1.49242411327524e-09 -6.14224941851705e-10
6.26573021218961e-09 5.17137416480052e-10 -3.49784328298676e-10 1.13578756343208e-10 2.80414613398411e-10
1.65048133258794e-11 1.00047239417239e-10 1.05124654878499e-10 -3.03826002621926e-11 4.57155388334682e-11
6.20221691418381e-11 9.75852610098156e-12 -5.46716005756984e-12 1.31643349569537e-11 3.6161877571547e-12
0 0 0 0 0
-1.03938913012708e-06 -1.78417431315664e-07 2.86040141364439e-07 1.83508599345952e-08 -1.34452220464346e-07
-4.36557481393662e-08 7.49780206868834e-09 -8.62829428674082e-09 5.50577793039009e-09 -9.46897502333254e-09
3.43193738406672e-10 1.13545447306468e-08 1.25242388852214e-09 6.0322150195962e-10 1.5717207036118e-09
-4.73307591021391e-10 1.70855824051391e-10 -2.62470421477037e-11 2.04525835988874e-10 -1.17859695928164e-10
-3.36185995299839e-10 3.19243054562183e-11 1.17589412418126e-10 -1.35478747434514e-12 5.11192214558542e-11
3.19640547592136e-11 2.94297823804643e-12 -1.0065152627699e-11 -1.67028733953153e-12 3.03938833625503e-12
1.68928641118173e-11 -7.90032886682002e-13 -1.40899773539137e-12 7.76937592393354e-13 7.32539820298651e-13
0 0 0 0 0
2.32949756055277e-07 1.46237594908093e-07 -1.07770884952484e-07 1.26824870644476e-07 -2.36345735961108e-08
8.89572676497766e-08 7.24810004121931e-08 2.67583556180119e-08 2.48434796111361e-08 -3.55004782858686e-09
-1.00823909773603e-08 8.84433929029076e-10 -2.55502517594511e-10 -5.48034274059119e-10 -8.50241938494079e-10
1.13259819566467e-09 5.55186945221216e-10 7.63679807785295e-11 -1.70067998092043e-11 1.57081965572493e-10
-2.37748192185353e-10 2.45463764948e-11 3.2320841480286e-11 -2.72624834520723e-12 8.144491836665e-12
-1.54977633126025e-11 4.58754903157884e-12 -1.25864665839074e-12 2.44139868157872e-12 -1.82827441958193e-12
3.28285563794513e-12 -1.10072329225465e-12 -7.23470501810935e-13 5.85309745620389e-13 4.11317589687125e-13
4.5759697438417e-13 9.84198128213558e-14 3.3450381770283e-14 7.08431086558307e-15 2.79891177268807e-14
0 0 0 0 0
-3.6782071915558e-07 6.98497901205902e-07 1.833973887503e-07 2.39730262495372e-07 -2.58441984368194e-07
5.17793954077994e-08 5.54614175977835e-08 1.75026214305232e-09 -2.55518450411346e-09 -6.12272723006537e-09
-7.94292648157198e-09 -1.01709107852895e-09 -1.4925124181231e-09 9.32827213605682e-10 -8.24490722043118e-10
1.36410408475679e-11 2.16390220454971e-10 1.24934806872235e-10 -6.82507825145903e-11 -4.01575177719668e-11
-1.41619917600555e-11 -1.54733230409082e-11 1.36792829351538e-11 1.11157862104733e-12 2.08548465892268e-11
-3.56521723755846e-12 4.47877185884557e-12 -6.34096209274637e-16 -1.13010624512348e-12 -2.82018136861041e-13
2.22758955943441e-12 -4.6387646555938e-13 -5.80688019272507e-13 2.45878690598655e-13 1.49997666808106e-13
-6.26833903786958e-14 2.73416335780807e-14 1.91842340758425e-14 1.6740506112901e-14 -2.45268543953704e-17
1.81972870222228e-14 5.43036245069085e-15 1.92476637107321e-15 8.78498602508626e-17 -1.42581647227657e-15
0 0 0 0 0
9.74322164613392e-07 -5.23101820582724e-07 -2.81997898176227e-07 4.54762451707384e-08 -3.34645078118827e-08
-6.75813194549663e-09 3.49744702199583e-08 -5.09170419895883e-09 5.24359476874755e-09 4.96664262534662e-09
4.53858847892396e-10 -1.49347392165963e-09 -2.00939511362154e-09 9.30987163387955e-10 9.74450200826854e-11
-4.92900885858693e-10 5.34223033225688e-12 1.08501839729368e-10 -6.43526142089173e-11 -3.11063319142619e-11
1.3846924638669e-11 -7.91180584906922e-12 2.26641656746936e-13 4.55251515177956e-12 6.05270575117769e-12
4.02247935664225e-12 1.82776657951829e-12 -1.28348801405445e-13 -2.1625730130035e-13 -5.54363979435025e-14
4.15005914461687e-13 -2.00647573581168e-13 -1.67278251942946e-13 1.30332398257985e-13 1.52742363652434e-13
6.36376500056974e-14 1.65794532815776e-14 -3.80832559052662e-15 -6.40262894005341e-16 2.42577181848072e-15
-5.55273521249151e-15 3.69725182221479e-15 2.02114207545759e-15 -4.50870833392161e-16 9.62950493696677e-17
1.00935904205024e-17 6.54751873609395e-17 -1.09138810997186e-16 -8.62396750098759e-17 -3.82788257844306e-17
0 0 0 0 0
4.21958510903678e-07 -8.30678271007705e-08 -3.47006439555247e-07 -3.36442823712421e-08 9.90739768222027e-08
2.64389033612742e-08 2.65825090066479e-09 -1.28895513428522e-08 -7.07182694980098e-10 7.1090716530118e-09
6.31203524153492e-09 -1.67038260990134e-09 1.33104703539822e-09 8.34376495185149e-10 -2.52478613522612e-10
1.18414896299279e-10 -2.57745052288455e-11 2.88295935685818e-11 -3.27782977418354e-11 -1.05705000036156e-11
-4.20826459055091e-12 -6.97430607432268e-12 -3.90660545970607e-12 -3.90449239948755e-13 -4.60384797517466e-13
-9.476683565582e-13 6.53305025354881e-13 2.6324018543496e-13 1.40129115015734e-13 3.85788887132074e-14
2.23947810407291e-13 7.35262771548253e-15 -3.83348211931292e-14 4.20376514344176e-14 4.26445836468461e-14
-3.88008154470596e-16 2.2856142466775e-15 -8.73599966653373e-16 2.14321147947665e-15 6.3863182507192e-16
-8.62165565535721e-15 1.7974291214981e-15 1.01541125038661e-15 -7.91027655831866e-17 -4.0650513282523e-16
-2.35355054392189e-16 -6.13997759731013e-17 -2.73490528665965e-17 2.63895177155121e-17 -4.47531057245187e-18
6.0190970682353e-17 5.35520010856833e-18 -2.15530106132531e-18 -2.46778496746231e-18 -7.09947296442799e-19
0 0 0 0 0
-3.75005956318736e-07 -5.39872297906819e-07 -1.19929654883034e-07 4.52771083775007e-08 1.82790552943564e-07
7.82606642505646e-09 -1.68890832383153e-08 -8.45995188378997e-09 1.42958730598502e-09 3.21075754133531e-09
4.28818421913782e-09 -1.07501469928219e-09 8.84086350297418e-10 9.74171228764155e-10 8.59877149602304e-12
1.28983712172521e-10 -6.96375160373676e-11 -2.13481436408896e-11 1.33516375568179e-11 -1.65864626508258e-11
-4.48914384622368e-12 9.68953616831263e-13 -1.61372463422897e-12 -2.09683563440448e-12 -1.90096826314068e-12
-1.12626619779175e-13 3.34903159106509e-14 -1.21721528343657e-13 7.46246339290354e-14 3.68424909859186e-13
5.0829427436779e-14 2.8303615997709e-14 1.48074873486387e-14 -9.59633528834945e-15 -1.262310609511e-14
-4.01464098583541e-16 1.97047929526674e-15 -5.29967950447497e-16 -3.59120406619931e-16 1.69690933982683e-16
-1.73919209873841e-15 7.52792462841274e-16 3.65589287101147e-16 -7.79247612043812e-17 -8.24599670368999e-17
-4.61555616150128e-17 4.94529746019753e-19 -1.0985815721227e-17 3.95550811124928e-18 3.239723998841e-18
-2.27040686655766e-17 -3.27855689001215e-18 -3.30649011116861e-19 9.08748546536849e-19 8.92197599890994e-19
5.67241944733762e-18 3.84449400209976e-19 1.77668058015537e-19 2.00432838283455e-20 -2.00801461564767e-19
