0 0 0 0 0
0 0 0 0 0
-0.000209104872912563 -1.4153027497354e-05 3.00318745764815e-05 -1.82864291318284e-05 -7.62965409959238e-06
0 0 0 0 0
-0.000186336519900275 0.000191256553935638 7.28356195304996e-05 3.59637869639906e-05 -2.53927226167388e-05
0.000108195343799485 -6.97050977217619e-05 -6.68037133871099e-05 2.30387653190503e-05 -1.22735483925784e-05
0 0 0 0 0
0.000119941091277039 -7.70547844186875e-05 -8.15376297964528e-05 1.06005789545203e-05 2.3117723226872e-05
-1.77494760217164e-05 -1.37061385686605e-05 -1.74805936475816e-05 -6.91745900867532e-07 -7.10231790947787e-06
-1.47564103733219e-05 2.0889078548526e-06 3.19876879447867e-06 9.43984664503715e-07 -4.90480527577521e-06
0 0 0 0 0
4.93300138389457e-05 -6.77641298460617e-05 -3.25043347246397e-05 8.33226714911921e-06 8.11499972792905e-06
-2.80449863471272e-05 -1.04367606414606e-05 1.64473584641163e-07 -3.57420965807816e-06 2.95887156564038e-06
1.88835280111533e-06 5.69125761193702e-07 -2.22757382799409e-06 -1.96699131032252e-07 -2.91861219283659e-07
-4.6991897143668e-06 -7.00778948636735e-07 2.97544157334673e-09 3.8610051254441e-07 2.30939653701027e-07
0 0 0 0 0
1.77050610394149e-05 -3.18353071311574e-05 3.04232260950316e-05 -6.26821316488169e-05 -1.75094810002378e-06
9.25605901565775e-06 -8.25179123302247e-06 6.74032752408358e-06 3.22192289084524e-06 6.09414500075259e-06
4.282338252422e-06 2.10470570087927e-07 -4.75050074985668e-07 -4.89382663470592e-07 8.75232347469207e-07
8.50393520366934e-07 1.58764911467186e-07 -2.1626763832121e-07 -7.43341300487416e-10 1.7513172981323e-07
-2.87064111623119e-07 4.5039389310283e-08 6.6331504441669e-08 7.61199387418853e-08 -6.05694385243652e-09
0 0 0 0 0
-1.95692079507947e-05 5.15486098887851e-05 3.00852761598173e-05 1.21485028343416e-05 -6.72450521493428e-06
5.34496867088158e-06 3.90973451680699e-06 3.70148924718425e-06 5.73731499938212e-08 5.5225822028878e-07
3.39950838185315e-07 -5.63443976772634e-07 4.52082211980595e-07 -2.57094645806243e-07 -6.84885762924729e-08
2.15793276880684e-07 2.05911354090873e-07 1.33747872341142e-08 -2.07997626478952e-08 -3.69812938736019e-08
2.11952749403224e-09 4.04317822544732e-08 2.4097202488365e-09 8.56289126938059e-09 2.310352834902e-08
-2.08402298813248e-09 -8.50243600879112e-09 2.60895410117768e-09 -6.69156841738591e-10 -5.16280278087006e-09
0 0 0 0 0
0.000124901291436683 -5.70770326719086e-05 -8.44887248105015e-05 -3.11442665354698e-05 -1.12982893252046e-05
-8.38934444233944e-06 1.56860091415414e-06 -1.77704563531825e-06 -5.70219068898717e-08 -4.30377735031244e-06
3.72965318017681e-07 6.98175439446187e-07 1.75760544807919e-08 1.59731284857151e-07 3.62363848767891e-07
-2.32148850787091e-07 -4.21888751852973e-08 8.35926113952108e-08 -2.24572480575674e-08 -6.92114100904503e-08
-2.92635642210745e-09 3.38086229163415e-09 4.72186694662901e-09 -8.32354437305758e-11 4.19673890995627e-09
-1.264528876929e-09 1.91309690886864e-09 1.54755631983655e-09 -1.09865169400249e-09 1.83645326319994e-10
9.92539437011905e-10 -2.963182034883e-10 1.17466020823486e-10 -5.00185957995526e-10 -8.54777591408537e-11
0 0 0 0 0
-0.000182885335404854 7.27424724520089e-05 3.05286278023427e-05 2.55324463432562e-05 -6.39859510763234e-06
-5.21449265232557e-06 -6.70572386081398e-06 -3.95473351292738e-06 -6.41023334372861e-07 -3.11616331059009e-06
2.37090789071727e-07 3.58427517014705e-07 2.55709192777007e-07 8.44593804408541e-08 9.27243162355359e-09
7.24370898432057e-08 -7.4394512033771e-09 8.61751911975683e-10 -2.34651212610623e-08 2.94052921681456e-09
-1.22127317934425e-08 -3.89758984276768e-09 4.12890383904924e-11 2.06528068002723e-09 1.7348869697227e-09
-5.4413740690762e-10 -4.81034553189921e-10 -2.56101759039694e-11 3.21880564410154e-10 -2.7019534316525e-11
1.08394225300546e-10 -7.99525492688661e-11 1.73850287030654e-10 -8.06390014426271e-11 -7.6314336429116e-13
-3.41446959267441e-11 2.72675729042792e-11 5.69674704865345e-12 -3.38402998344892e-12 -2.96732381931007e-12
0 0 0 0 0
2.9116131598725e-05 -7.24641166590735e-05 -8.58323519857884e-06 -1.1403744425582e-05 1.32244819451517e-05
1.24266748259826e-06 -4.13127038469802e-06 -8.47496394492885e-07 5.48722958754267e-07 -1.98288551821205e-06
-1.70671245196917e-08 1.3689112708354e-08 -2.8090197224987e-07 -5.45369793946222e-09 -9.58796303763498e-08
1.14115335901746e-08 2.79308166429178e-08 -1.71144803132413e-08 4.8611624356538e-09 -8.1306145995228e-09
-1.19144311035824e-09 -1.28197815211763e-09 -1.22313592972373e-09 6.23116336753674e-10 2.11527825898689e-09
4.94618645030426e-10 -1.01554483531252e-10 -3.58808808952276e-10 1.23499783028794e-10 -1.21017599361833e-10
1.33959569836451e-10 -1.87140898812283e-11 -3.04265350158941e-11 -1.42907553051431e-11 -1.09873858099638e-11
1.30277419203512e-11 -4.95312627777245e-12 2.23070215544358e-12 1.66450226016423e-12 6.26222944728474e-12
-4.40721204874728e-12 2.99575133064885e-12 -1.54917262009097e-12 8.9001566452706e-14 -1.59135267012937e-12
0 0 0 0 0
-4.1766721132316e-05 1.39005215116294e-05 1.46521361817829e-05 3.23485458024416e-05 -8.57936261085263e-06
9.4849102652445e-07 1.67749735481991e-06 6.80159475477603e-07 -1.34558044496631e-06 1.62108231492249e-06
-2.67545753355631e-07 -3.31848493018159e-08 1.05837219557465e-07 1.555876554794e-07 -2.84996014386667e-08
-5.15113778734878e-08 8.83630725241303e-09 3.36579455982772e-09 -6.22350102096402e-09 5.03959133095369e-09
2.04635880823035e-11 -1.07923589059151e-09 -6.96482137669712e-10 -4.70238500452793e-10 -6.60277903598297e-10
-2.41897168749189e-11 1.33547763615216e-10 -5.13534673658908e-11 -8.32767177662817e-11 5.72614717082428e-11
7.5517056235994e-12 -1.57123461699055e-11 -1.48874069619124e-11 -7.10529462981252e-13 -7.99006335025107e-12
2.4188315673896e-12 2.97346980183361e-12 1.2871997773145e-12 -2.49240876894143e-12 6.71155595793198e-13
4.16995565336914e-13 -1.71584521275288e-13 -7.23064067359978e-14 2.45405880599037e-13 4.4353293490583e-13
3.56937508828997e-14 2.430125112603e-14 -7.96090778289326e-14 -1.59548529636358e-14 8.99103763000507e-15
0 0 0 0 0
0.000117579258399489 -4.52648448635772e-05 -2.69130037097862e-05 -3.82266335794366e-05 -4.36549257701084e-06
-1.43270371215502e-06 1.21565440183855e-06 8.53701136074284e-07 1.52709810023665e-06 1.22382663462904e-06
3.06089147519664e-07 9.79084123751975e-08 7.96524661441178e-08 4.54770947973458e-08 2.22842369458882e-07
-9.94254707745127e-09 1.43251376378012e-08 1.9391175368516e-08 -6.52214645690987e-09 -1.97114016452408e-09
-9.20751919828404e-10 -9.44312829629076e-10 7.24196738163952e-11 -6.71801072324561e-11 2.33146774065873e-10
-1.4354429895641e-11 1.78464235318769e-10 7.69950023012326e-11 -4.22390057304453e-12 3.05176324574816e-11
-7.8805375397399e-12 -3.20207793051003e-12 1.01527407317625e-12 6.02788185858449e-12 1.14919530900453e-11
-1.21558899266069e-12 5.31300597882986e-13 3.44023865079264e-13 -6.22598216726224e-14 -5.47031650765402e-14
-4.15627948750943e-13 2.77620907292721e-13 -8.99784134364011e-14 1.07254247320864e-13 6.85990080564196e-14
-3.91837863922901e-14 9.7471497681618e-15 6.79982450963903e-15 -2.41420876658572e-15 -2.20889384455344e-15
9.25912068402776e-15 -4.02621719248224e-15 -2.43952036351187e-15 -1.97006876049866e-15 1.03065621527869e-16
0 0 0 0 0
-0.000103762036940193 4.38145356960292e-05 2.43406920349913e-05 7.89103527673736e-06 -1.6684146533916e-05
-1.18428449371744e-06 -1.30188721737259e-06 -1.8801355711665e-06 -1.01342046295303e-06 9.21813037802502e-07
1.5183606871246e-07 1.11362553803933e-07 1.55375052233052e-07 1.94450910788747e-09 -1.73093755828342e-08
-3.77758211813121e-09 1.2332396958361e-08 1.72510045250302e-09 -1.88609789458597e-09 1.28937597985937e-09
-1.07947760393523e-09 5.26051570105365e-10 -3.67657536332496e-11 3.1611012352384e-10 -3.2427319824217e-10
-2.0038564920982e-12 2.5470386968239e-11 4.08563622440851e-12 -4.83350348928636e-11 -3.98153443845079e-13
2.73094467727215e-12 5.08900664114903e-12 -7.66669089075134e-13 2.50015592643012e-12 4.29763262853853e-12
6.5394648753789e-13 -2.24958413781008e-13 6.74638861781238e-15 3.28537647613903e-14 2.54199700290116e-13
-1.09122051193505e-13 8.36362392931501e-14 -3.907501539123e-14 -5.4491591074195e-14 2.43816947219217e-14
-1.41882561550134e-14 1.00455397812713e-14 2.63347255121581e-15 1.53043256823601e-15 2.49081021428095e-15
-1.17256193152654e-15 1.05648985031971e-16 1.31778372453016e-16 1.44815198666577e-16 -3.7253276861848e-16
2.66203457773766e-16 -7.67224608659658e-17 3.51487351031864e-18 4.10287131339291e-17 -6.72171711728514e-17
